1.222543679999999995e+02
2.829856909999999743e+02
5.030660690000000272e+02
7.909548119999999471e+02
1.182430957000000035e+03
1.591783801999999923e+03
2.044325931999999966e+03
2.648145210000000134e+03
3.125155349999999999e+03
3.747490729999999985e+03
4.441661352000000079e+03
5.136008311999999933e+03
5.933935806999999841e+03
6.804052160999999614e+03
7.371260381000000052e+03
8.005962298999999803e+03
9.008070471000000907e+03
1.039564300999999978e+04
1.105732030999999915e+04
1.229133605100000023e+04
1.338568107899999995e+04
1.537470807000000059e+04
1.601435785500000020e+04
1.738182484200000181e+04
